65
41
27
4
112
85
2
55
100
51
84
132
138
17
24
114
107
39
115
70
71
124
131
147
127
84
73
57
18
80
35
34
48
99
56
94
83
2
76
54
17
138
135
144
105
42
9
125
48
150
102
86
49
98
65
77
68
15
55
115
38
47
35
20
54
120
6
48
12
27
65
25
68
62
106
112
47
26
70
72
78
51
66
100
15
53
137
15
51
99
21
134
24
78
126
123
112
133
6
9
65
15
14
89
142
125
56
126
97
84
3
138
46
128
130
6
126
86
70
85
123
143
150
36
62
115
2
77
133
76
17
99
66
109
135
126
50
99
130
62
14
77
131
134
100
87
92
70
88
8
17
17
147
9
108
117
139
0
144
45
4
59
131
83
51
138
131
9
76
33
124
87
42
7
28
132
46
143
45
10
33
134
56
9
69
142
131
62
111
38
120
56
14
70
4
128
94
121
71
27
61
35
128
148
145
146
9
62
96
139
132
77
62
129
20
108
83
7
34
109
20
95
89
80
118
10
140
93
30
43
90
145
27
99
9
96
39
147
84
111
149
56
37
59
134
27
129
91
59
51
68
142
142
79
75
139
139
77
36
62
116
130
127
46
95
112
137
4
14
3
8
101
14
111
18
137
145
59
139
137
88
70
6
22
13
16
40
8
12
123
0
6
65
97
7
125
129
60
33
68
131
142
126
111
123
132
23
113
41
78
46
19
144
35
74
114
68
13
140
8
63
113
124
93
94
103
9
102
22
113
76
94
66
46
142
78
19
41
43
42
122
78
73
7
87
43
108
34
137
100
119
23
117
13
59
127
28
78
114
85
32
146
79
75
44
77
34
50
51
57
59
136
22
142
85
139
16
14
114
7
101
118
91
67
6
18
35
78
124
143
49
18
79
52
12
58
1
25
108
8
85
40
20
117
149
131
105
135
43
19
107
140
127
93
9
133
114
64
101
53
100
15
120
66
4
98
12
42
140
105
29
42
71
79
11
100
133
8
108
105
110
47
131
46
39
45
74
81
142
136
15
147
28
110
119
133
7
101
129
73
20
28
4
101
36
62
9
19
41
57
9
90
0
115
32
6
83
136
125
12
37
150
71
34
53
114
87
25
66
9
101
61
95
77
40
93
119
32
124
140
109
75
135
87
130
106
5
58
67
104
124
85
36
39
2
105
148
10
50
97
3
63
89
105
118
104
146
11
40
140
130
100
70
120
77
117
128
104
137
33
55
89
73
61
12
13
41
73
56
85
96
137
33
94
75
87
3
74
121
108
118
17
83
107
15
79
2
24
3
9
129
75
38
142
127
96
45
116
45
39
32
70
47
85
3
60
61
65
120
46
131
47
53
11
76
52
101
37
25
76
8
96
116
149
91
68
127
59
147
105
28
78
105
128
59
48
12
22
0
98
114
37
118
50
24
33
34
27
132
76
89
80
72
103
16
37
125
70
93
106
3
143
119
22
137
68
61
43
30
7
75
112
31
75
6
126
4
106
140
120
89
112
19
59
37
15
123
122
122
65
137
68
126
1
110
25
70
106
140
84
141
53
94
99
121
145
87
91
20
52
104
101
97
70
76
46
77
135
76
103
108
99
122
96
17
121
95
119
58
10
50
0
83
148
149
59
76
11
93
74
148
113
121
50
119
106
38
85
105
131
136
11
12
37
104
136
0
145
91
106
37
80
122
52
27
55
89
125
113
144
112
13
100
106
61
112
1
94
121
98
110
89
76
49
17
60
67
37
58
50
4
87
82
68
99
69
31
76
100
128
139
110
41
85
44
122
50
150
149
78
143
111
96
88
79
25
45
129
141
6
84
113
73
133
52
86
121
146
149
45
105
97
5
27
119
122
118
59
39
28
132
139
68
49
47
116
10
25
28
96
108
44
2
10
9
136
23
50
88
1
106
22
116
52
105
87
6
124
115
96
4
90
49
9
143
33
81
32
86
71
70
5
146
19
90
59
120
150
9
64
111
50
87
113
13
127
43
120
146
44
129
145
49
11
107
81
19
106
48
6
69
114
47
129
112
83
126
95
67
27
17
87
108
93
39
31
120
135
60
104
14
81
21
103
73
109
100
32
13
145
57
99
16
66
140
134
61
66
79
34
74
130
147
90
30
150
76
52
5
70
84
101
9
86
130
137
99
117
125
66
2
121
146
29
1
26
60
99
55
122
94
33
50
136
115
106
129
137
12
41
37
50
23
91
77
78
68
99
23
118
130
62
11
86
138
32
28
84
107
59
1
45
47
70
127
133
35
4
58
25